79.299714
1.6921867
1.6989303
1.5658748
1.7471216
1.7385061
1.7737966
3.4883238
1.765412
1.5972028
1.7721894
1.7502598
1.7287729
1.7455674
11.886243
29.332732
98.779888
120.2661
693.49247
24.304078
63.012331
1.7318051
1.594214
4.1662781
1.7334187
1.7478158
1.7456638
1.7378698
1.7460052
1.7479827
1.7535074
92.890836
1.5801669
1.7015987
1.6858388
1.6075964
104.56998
1.5811364
1.6827522
2.6858828
1.5422449
1.7313433
1.5918448
1.6991592
1.6278675
1.6789897
1.6331995
1.6256767
1.7076383
1.5668676
1.6411184
1.5731849
1.6146453
1.5656489
1.6195012
5.375431
1.6000033
1.5339394
1.6356721
167.29345
1.6019487
1.7414533
1.5333911
1.6135898
1.6999409
1.6086211
1.5484873
1.5364653
4.1581583
20.183765
3.335262
2.7923681
330.91916
2403.0416
54.62587
20.976148
23.906687
187.50051
164.05145
53.889593
167.50926
76.462146
233.53583
239.85865
417.05587
1636.2904
223.09075
272.45123
182.40441
226.05186
192.87473
385.47757
2.6563032
28.781143
3.4734655
39.162096
330.26718
653.61059
1.6939533
1.7410333
1.7752447
1.7163322
1.6928122
3.1645707
1.6829287
1.6350705
1.6818503
1.7571811
1.627383
1.7242806
1.7007982
1.5922327
1.7841247
3.174524
1.6176432
1.6564312
1.8283324
1.8223595
1.808131
1.8070313
1.8150553
1.8236744
1.8460964
1.8378148
1.8177176
1.8390447
1.8411144
1.5583199
1.6876936
1.6990955
1.7143813
115.81788
1.7588246
1.7376649
1.7668689
1.7490095
1.5872019
1.7721734
1.7917136
1.799747
1.7715429
2.7213569
1.7538352
1.7458393
1.69193
1.6719986
1.6632744
1.756174
1.5881706
1.6021566
1.8024243
102.29757
1.7114342
1.8312232
1.8361332
1.7200629
1.7195201
1.6462512
1.8126678
1.6813455
1.8010484
1.6896338
1.6091313
1.7730805
1.7034554
1.5608043
1.7294651
1.6051077
1.6314047
2.9141157
1.7025963
1.7018875
1.5818553
1.713019
63.370254
1.7356857
1.595073
1.7209298
1.7447971
1.7928859
1.8062084
3.4967101
1.638982
1.7548513
1.7886373
1.732601
22.003221
2.8594051
1.8432299
1.5902123
1.7375603
1.790415
1.6678861
1.7993282
1.6816322
1.6465158
1.7742104
2.4645955
1.5422823
1.6831297
1.6321662
1.5111044
1.6283081
1.6970089
1.6979482
6.2921832
1.704364
3.4604288
3.001107
1.6040398
3.4792237
3.4819594
1.7558723
1.7515779
1.521127
1.7411778
1.755482
1.7928699
13.50525
1.7179517
1.5767307
53.345878
1.7624827
1.6429294
1.5962691
1.728134
1.5972852
1.639907
1.681615
3.430472
1.5982072
1.6008536
1.6885344
4.0028279
1.7708745
1.641389
1.5576824
1.6458279
1.7402133
1.5748627
1.6339398
1.6206726
1.6906289
1.5960827
1.6833078
1.7437537
24.338175
1.6835064
1.6984309
13.147258
1.7204182
5.5239235
6.3711773
1.7326178
1.5855797
1.7716346
1.5986505
1.7413659
1.7503936
1.7491591
1.5875405
1.6160691
1.5793073
1.7618444
1.7861598
1.8043762
1.7424099
1.818617
2.4587646
1.5958991
1.7484169
1.7311609
1.7713598
1.6875821
1.7035855
1.6913431
1.8199332
1.6766191
1.7458692
1.7658598
1.6950912
1.6990401
1.7826875
1.6319445
1.7345904
1.6678506
1.5180884
1.5155399
13.059029
1.7008902
1.7087435
1.7305962
14.541076
39.892203
1.5824786
1.7356135
1.7436117
1.7406187
1.7623764
1.7609019
1.7536606
1.6429771
1.7396558
1.7923151
1.7629549
1.7958541
1.7302081
1.7561375
3.6237599
1.7662389
19.139912
4.8454984
1.7694999
1.7535891
1.7301424
1.7170259
1.6689568
1.5975364
1.7130989
1.7436197
1.6686171
1.5785918
1.677803
1.6607276
1.5531988
1.7110393
1.6920937
1.7288129
1.8287433
1.5826563
1.7097381
1.8369316
1.6498013
1.8395275
1.6205323
1.5987139
1.6286003
1.5993226
1.4996622
1.5374974
1.5520565
1.7084279
1.5697337
24.064824
1.5635637
1.7751312
1.6281776
1.8708477
1.269361
1.746041
1.6133408
1.7619926
1.5962173
1.7574713
1.7687088
1.6284949
1.7352475
1.6619059
1.6039337
1.6813556
2.7569551
1.6152894
1.8057256
1.8535297
1.7279069
1.6923803
1.5991091
1.6132287
1.6787941
1.6499831
1.6475029
1.7158001
3.225193
1.6484861
1.6694819
1.5696371
1.6802782
1.6164663
1.6038122
1.581941
1.6307135
1.7122444
1.6530017
1.7286896
1.7357925
1.7246468
1.7371421
1.5571136
1.7564471
1.6022035
1.7760644
1.644729
1.6475286
1.6897188
1.5696569
1.6169207
1.6057353
1.7256074
1.5312049
1.6020117
1.6181424
1.6246519
29.502001
11.483541
8.3640145
28.156483
51.787546
18.326331
1.6825798
1.5858047
1.7441559
1.7179264
1.7392313
1.7493057
1.7652649
3.5224774
1.665072
23.973286
1.7672009
152.37728
1.7608586
1.6185852
1.7614579
1.7363103
1.742576
1.7021528
1.7315154
1.7007923
1.7313909
1.6456918
1.7595994
1.6942908
1.6583669
1.638729
1.6663733
1.7055002
1.6989759
1.5898202
1.5700645
1.5740031
1.7797919
1.6038548
1.6936055
1.7468124
77.378235
2.2821168
1.6569278
1.6265493
1.5713567
1.7834289
1.6331565
1.7758012
1.6038885
1.6841502
1.7152956
1.5954705
1.6760469
1.6309032
1.5755755
1.5708956
1.6639365
1.6112617
1.7781759
1.5000342
1.8136816
1.6405758
97.565055
1.5532335
1.5404793
1.7137502
2.7437653
1.7380979
2.8269422
1.4436018
1.7436797
1.7604913
1.7818583
3.6925452
1.6145554
1.6878543
1.6006704
1.7967628
1.819973
96.191197
1.8309254
1.7302356
1.7521162
35.801471
1.979595
1.770722
1.7818908
1.7620323
3.4611343
1.7624941
1.7350391
1.7795491
1.7072712
50.996608
1.8375514
1.7209174
1.7887434
1.7992165
1.7844309
1.8143974
1.748596
1.6802678
1.7638879
1.7955669
1.8140655
1.7032437
1.6165832
1.6384519
1.6323495
4.9907264
1.685557
1.6253798
1.6984786
1.5773708
1.7359469
67.724158
1.7454188
1.7540875
1.7634579
1.767737
1.7817317
1.7876153
1.737662
1.7576866
1.7185495
1.5840338
1.7454756
1.7530208
1.7475514
1.6665909
1.7546759
1.769067
1.7811603
1.7258811
1.6387057
1.7837967
1.6740491
1.804043
1.7445038
1.7816075
1.7908302
1.5522029
1.7589469
1.7972659
1.8194306
1.7852903
1.6777351
1.8193999
1.6327569
3.0538492
1.6069024
1.8009063
1.799438
1.755529
1.7761438
1.6097805
1.7336759
1.7996447
1.6914684
5.100421
24.07929
1.75777
1.8170352
1.7530543
1.7815008
1.5783065
1.6477008
1.7444807
1.7392109
1.7412166
1.7701722
1.6924614
1.7279968
1.7325102
1.7192377
1.7249538
1.6565502
1.5533801
1.6313123
1.6661123
1.6327856
1.6510121
1.7370754
1.623906
1.5660003
1.618843
1.7301603
1.7611963
1.6870399
1.6984269
1.7586728
1.6896382
1.647841
1.734682
1.6492061
1.6289435
1.6627128
1.7032336
1.7207922
1.6668796
1.7316682
1.7826726
2.7647472
11.414255
5.4915151
59.267553
36.276909
2.6835229
18.921511
2.7344306
43.869198
84.440552
144.59979
1.5846389
1.7339009
1.6381346
1.7249922
1.7196451
1.7075895
1.6221512
1.8241238
1.7093431
3.4514509
1.7668109
1.589554
1.7246899
1.6495838
1.8369204
1.8461543
1.6233795
1.7923521
1.5496865
1.8293608
1.8472176
1.8053132
14.332888
2.6370063
1.8468917
1.8160739
1.5460877
1.6721804
1.7025469
1.7060992
15.850527
1.718248
1.5850135
1.570008
1.7302585
1.7356282
1.7408704
1.754181
1.7437074
1.7633059
1.6012927
1.7563529
1.7547523
1.9043592
1.349773
1.7507445
1.5115396
1.7661847
1.654797
1.6009609
1.7833145
1.6533673
1.7903509
1.7989098
1.8046656
1.5943126
1.8109711
1.7936678
1.5383208
1.6688955
1.5673778
1.531615
1.610546
1.6144769
1.5582139
1.5530596
1.6057998
1.6084829
2.7959927
1.6214648
1.8370252
1.6669428
1.8386509
1.8280643
1.8254328
1.6197038
65.444227
1.7680094
1.7477428
1.669418
1.6521185
1.5978015
1.6295888
1.6959762
1.5860809
1.6393944
1.6160156
1.6188398
1.6276348
1.6159463
1.6373242
1.556597
1.5906435
1.621114
1.5374519
1.6007001
1.6954568
1.5642646
1.5451949
12.649241
1.6336665
1.7396783
1.5972967
1.7869246
1.5922429
1.7617043
3.2044894
1.7644198
1.7590347
1.7926381
1.7041982
1.7004413
1.7599029
1.7190001
1.7685618
1.7088245
1.7734947
1.7781546
1.7993286
1.5982239
1.6083929
1.7697318
1.79
1.6926098
1.815839
1.8229167
1.7631704
1.8083327
1.8090032
2.752755
1.6880935
1.7621133
1.7801626
1.7972067
1.825493
1.8334517
1.5159376
1.8047622
1.809676
1.821385
1.838378
1.784479
1.6452778
1.8232982
1.822607
11.109293
6.2688114
1.7111255
1.7107978
1.5881315
1.5876778
1.7475158
1.7591384
2.4914575
1.7640616
81.31461
1.7401229
1.6255308
1.5882336
1.621686
1.7511489
1.7523757
1.6560401
1.770913
1.5862051
1.7527876
1.7709972
1.7746625
1.7874836
1.747899
1.7794754
1.7855537
1.6115893
1.7998557
1.7169278
1.7801469
1.7269109
1.7060497
1.8039642
1.6012693
1.8170803
1.5786435
1.7686474
1.8035853
1.7589898
2.7629134
1.565109
1.5862624
1.735383
1.5973643
1.6403826
1.6985798
1.7422945
1.7519878
1.6628137
1.6596367
1.6789278
1.5920332
1.7425456
1.678564
1.7339984
1.6058128
1.6260001
1.7548273
1.6137699
1.658215
2.5659088
1.5780318
1.7476632
1.7378361
1.6274777
1.7246174
1.7604875
1.7687754
1.6738554
1.7265095
1.5718105
1.5872648
1.595332
1.5949362
1.6695063
1.7355892
1.6198992
1.7649641
1.5617437
1.5490504
2.19116
1.6385078
1.6081156
1.6367585
1.6832116
1.596951
1.627595
1.6413156
1.6180225
1.612235
1.5669238
1.6171573
1.5868648
1.6497817
1.5315706
1.6396743
1.5446749
1.6690939
1.6017854
1.532845
1.6221221
20.638443
126.41428
2.7452601
52.968316
2.7420665
6.994117
5.1185679
1.7915758
1.7964915
3.1207833
2.8987508
1.6424774
1.7709655
1.5966585
1.5886277
1.8264472
1.5343629
37.750063
2.7595453
37.241025
35.447552
41.397393
5.149259
17.000133
32.132333
320.85798
1.8177029
1.7528062
3.3673201
1.5845546
1.698663
1.7287544
1.7461461
1.6581265
1.6001407
1.5646579
1.5770079
1.6555772
1.737904
1.6213736
2.2374442
1.5799312
1.6278567
1.6645527
1.5883537
1.6673556
1.5674152
1.6349632
1.5947767
1.5866988
1.6144908
1.6063549
1.5389838
66.999997
1.6398394
1.5585241
1.6033288
1.6420923
1.6226768
1.640392
1.6682901
1.514274
1.6270162
1.5962904
1.4938522
1.6294453
1.6621806
1.631178
1.6752264
7.2903792
1.7332944
1.7893283
2.8662701
1.798474
32.625695
1.6335322
1.6757994
1.5147972
30.183153
1.6899986
1.6722369
1.6504025
1.7335902
3.2491458
1.7175287
1.7046356
1.7225306
1.7500285
1.7353719
1.6045411
1.7245214
1.6554221
1.5694929
1.6905965
1.7131652
1.5779655
1.6865376
1.6080072
1.7183486
1.6895492
1.5028196
1.5980418
1.6711966
48.155853
44.14486
12.461567
48.096856
47.336779
14.539995
34.497376
62.240846
5.2072929
38.935147
120.97326
140.43374
295.61522
95.932626
109.40837
146.24932
159.54466
82.65132
23.34374
2.5839182
1.6573069
8.4377966
4.2933437
1.7259237
1.7526415
2.7384849
3.4535932
1.5847888
1.7439239
1.7881482
1.7460353
1.6375174
1.5312061
1.7586184
1.6079186
1.729348
1.6647308
1.7790099
1.6023044
1.7538773
1.7598096
1.7551538
1.7370672
1.7492873
1.8062772
1.8058721
1.7281985
1.6355169
1.7509096
1.6088618
1.7526403
1.7469304
1.5843779
1.5386923
1.7288951
1.6367877
1.620543
1.712461
1.5753023
8.7003105
84.226759
22.278977
219.4075
22.738388
23.969413
61.973466
381.03945
102.44688
105.25127
70.538893
31.936383
76.710392
25.680122
1.7852972
3.4880391
1.7478071
2.7212691
1.7851071
92.79854
1.7540972
1.7348796
1.7303025
1.5956903
1.7099975
1.7166447
1.7701533
1.59631
1.8034858
1.6668997
2.8617953
1.5393507
1.6088743
1.5613568
7.5415956
26.904928
10.049231
8.0461162
4.2270355
69.990742
1.7229706
1.6918773
1.5564832
1.7083904
1.6722196
1.5947286
2.3699215
1.5948892
1.638888
62.686985
1.6190966
1.6050206
1.5298105
1.607353
1.6039653
1.6262436
1.6497652
1.481963
183.90141
83.488442
2.7590186
3.1776351
1.7498214
3.4485561
1.7480575
1.7731733
1.7625856
1.7152063
32.409318
1.7832746
1.6528693
1.6680158
1.7576316
1.7283413
1.7319761
1.7265727
82.242145
1.7239988
1.7825395
1.5677504
1.5907939
1.5966924
1.605473
1.6443955
1.7845319
1.8104074
1.6916633
1.7619492
1.7643859
1.6815017
1.8023728
1.5536041
1.6692523
1.6304194
1.6225371
1.6810368
1.7122987
1.5515003
1.7744078
1.5692394
1.5951025
1.636515
1.7251728
1.6235162
1.6096282
1.8007277
1.6595989
41.656945
2.7601764
59.831865
27.58915
5.9132187
5.544762
12.262246
31.553679
50.792723
21.093433
58.313018
3.1048404
1.6191364
1.6360454
1.616693
108.066
54.812638
